function dfdthSym = dfdthSamada(t,in2,U,in4)
%dfdthSamada
%    dfdthSym = dfdthSamada(T,IN2,U,IN4)

%    This function was generated by the Symbolic Math Toolbox version 9.1.
%    08-Jun-2022 21:47:18

th1 = in4(1,:);
th2 = in4(2,:);
th3 = in4(3,:);
th4 = in4(4,:);
th5 = in4(5,:);
th6 = in4(6,:);
th7 = in4(7,:);
th8 = in4(8,:);
th9 = in4(9,:);
th10 = in4(10,:);
th11 = in4(11,:);
th12 = in4(12,:);
th13 = in4(13,:);
th14 = in4(14,:);
th15 = in4(15,:);
th16 = in4(16,:);
th17 = in4(17,:);
x1 = in2(1,:);
x2 = in2(2,:);
x3 = in2(3,:);
x4 = in2(4,:);
x5 = in2(5,:);
x7 = in2(7,:);
t2 = th7.*th13;
t3 = th8.*th14;
t4 = th9.*th15;
t5 = th13.*x1;
t6 = th14.*x1;
t7 = th15.*x1;
t8 = th10+x2;
t9 = th11+x5;
t10 = th12+x5;
t11 = th14.^2;
t12 = x1.^2;
t13 = x1.^3;
t14 = x3.^2;
t15 = 1.0./th4;
t16 = 1.0./th5;
t17 = 1.0./th6;
t18 = 1.0./th13;
t19 = 1.0./th15;
t20 = -x7;
t21 = 1.0./x7;
t22 = x3.*4.23e+2;
t31 = x4.*1.25e+3;
t23 = t20+th17;
t24 = t21.*th17;
t25 = 1.0./t8;
t27 = 1.0./t9;
t29 = 1.0./t10;
t32 = t12.*t18;
t33 = t12.*t19;
t35 = t2+t5+t12;
t36 = t3+t6+t12;
t37 = t4+t7+t12;
t40 = t22+t31;
t26 = t25.^2;
t28 = t27.^2;
t30 = t29.^2;
t34 = t24-1.0;
t38 = t32+th7+x1;
t39 = t33+th9+x1;
t41 = 1.0./t35;
t43 = 1.0./t36;
t45 = 1.0./t37;
t50 = 1.0./t40;
t42 = t41.^2;
t44 = t43.^2;
t46 = t45.^2;
t47 = 1.0./t38;
t49 = 1.0./t39.^2;
t48 = t47.^2;
mt1 = [t15.*t34.*t47.*x1.*x3,0.0,-t34.*t47.*x1.*x3,t34.*t47.*x1.*x3.*(-3.0./5.0e+1),0.0,0.0,t5.*t23.*t41,t6.*t14.*t16.*t27.*t43.*t50.*th11.*-4.23e+2,0.0,0.0,t6.*t14.*t27.*t43.*t50.*th11.*4.23e+2,0.0,0.0,0.0,-U.*t7.*t17.*t29.*t45.*th12.*x3,0.0,0.0,0.0,U.*t7.*t29.*t45.*th12.*x3,0.0,0.0,-t15.^2.*t34.*t47.*th1.*x1.*x3,0.0,0.0,0.0,0.0,0.0,0.0,t6.*t14.*t16.^2.*t27.*t43.*t50.*th2.*th11.*4.23e+2,0.0,0.0,0.0,0.0,0.0,0.0,U.*t7.*t17.^2.*t29.*t45.*th3.*th12.*x3,0.0,0.0,0.0,0.0,0.0,0.0,-t15.*t34.*t48.*th1.*x1.*x3,0.0,t34.*t48.*th1.*x1.*x3,t34.*t48.*th1.*x1.*x3.*(3.0./5.0e+1),0.0,0.0,-t5.*t23.*t42.*th1.*th13,t6.*t14.*t16.*t27.*t44.*t50.*th2.*th11.*th14.*4.23e+2,0.0,0.0,t6.*t14.*t27.*t44.*t50.*th2.*th11.*th14.*-4.23e+2,0.0,0.0,0.0];
mt2 = [U.*t17.*t29.*t49.*th3.*th12.*x1.*x3,0.0,0.0,0.0,-U.*t29.*t49.*th3.*th12.*x1.*x3,0.0,0.0,0.0,t26.*th16.*x2.*x3,0.0,0.0,0.0,0.0,-t26.*th16.*x2,t6.*t14.*t16.*t28.*t43.*t50.*th2.*x5.*-4.23e+2,0.0,0.0,t6.*t14.*t28.*t43.*t50.*th2.*x5.*4.23e+2,0.0,0.0,0.0,-U.*t7.*t17.*t30.*t45.*th3.*x3.*x5,0.0,0.0,0.0,U.*t7.*t30.*t45.*th3.*x3.*x5,0.0,0.0,t13.*t15.*t21.*t23.*t42.*th1.*x3,0.0,-t13.*t21.*t23.*t42.*th1.*x3,t13.*t21.*t23.*t42.*th1.*x3.*(-3.0./5.0e+1),0.0,0.0,t13.*t23.*t42.*th1,t13.*t14.*t16.*t27.*t44.*t50.*th2.*th11.*-4.23e+2,0.0,0.0,t13.*t14.*t27.*t44.*t50.*th2.*th11.*4.23e+2,0.0,0.0,0.0,-U.*t13.*t17.*t29.*t46.*th3.*th12.*x3,0.0,0.0,0.0,U.*t13.*t29.*t46.*th3.*th12.*x3,0.0,0.0,0.0,-t25.*x2.*x3,0.0,0.0,0.0,0.0,t25.*x2];
mt3 = [t5.*t15.*t21.*t41.*th1.*x3,0.0,-t5.*t21.*t41.*th1.*x3,t5.*t21.*t41.*th1.*x3.*(-3.0./5.0e+1),0.0,0.0,t5.*t41.*th1];
dfdthSym = reshape([mt1,mt2,mt3],7,17);
