function dfdxSym = dfdxSamada(t,in2,U,in4)
%dfdxSamada
%    dfdxSym = dfdxSamada(T,IN2,U,IN4)

%    This function was generated by the Symbolic Math Toolbox version 9.1.
%    08-Jun-2022 21:47:17

th1 = in4(1,:);
th2 = in4(2,:);
th3 = in4(3,:);
th4 = in4(4,:);
th5 = in4(5,:);
th6 = in4(6,:);
th7 = in4(7,:);
th8 = in4(8,:);
th9 = in4(9,:);
th10 = in4(10,:);
th11 = in4(11,:);
th12 = in4(12,:);
th13 = in4(13,:);
th14 = in4(14,:);
th15 = in4(15,:);
th16 = in4(16,:);
th17 = in4(17,:);
x1 = in2(1,:);
x2 = in2(2,:);
x3 = in2(3,:);
x4 = in2(4,:);
x5 = in2(5,:);
x7 = in2(7,:);
t2 = th7.*th13;
t3 = th8.*th14;
t4 = th9.*th15;
t5 = th13.*x1;
t6 = th14.*x1;
t7 = th15.*x1;
t8 = th10+x2;
t9 = th11+x5;
t10 = th12+x5;
t11 = x1.*2.0;
t12 = x1.^2;
t13 = x3.^2;
t14 = 1.0./th4;
t15 = 1.0./th5;
t16 = 1.0./th6;
t17 = -x7;
t18 = 1.0./x7;
t22 = x3.*4.23e+2;
t30 = x4.*1.25e+3;
t19 = t18.^2;
t20 = t11+th13;
t21 = t11+th14;
t23 = -t12;
t24 = t17+th17;
t25 = 1.0./t8.^2;
t26 = 1.0./t9;
t28 = 1.0./t10;
t31 = t2+t5+t12;
t32 = t3+t6+t12;
t33 = t4+t7+t12;
t35 = t22+t30;
t27 = t26.^2;
t29 = t28.^2;
t34 = t2+t23;
t36 = 1.0./t31;
t38 = 1.0./t32;
t40 = 1.0./t33;
t42 = 1.0./t35;
t37 = t36.^2;
t39 = t38.^2;
t41 = t40.^2;
t43 = t42.^2;
mt1 = [x3.*(t14.*t18.*t24.*t36.*th1.*th13-U.*t16.*t28.*t40.*th3.*th12.*th15-t5.*t14.*t18.*t20.*t24.*t37.*th1-t15.*t26.*t38.*t42.*th2.*th11.*th14.*x3.*4.23e+2+U.*t7.*t16.*t28.*t41.*th3.*th12.*(t11+th15)+t6.*t15.*t21.*t22.*t26.*t39.*t42.*th2.*th11),0.0,-t18.*t24.*t34.*t37.*th1.*th13.*x3,-x3.*(t18.*t24.*t36.*th1.*th13.*(3.0./5.0e+1)-t5.*t18.*t20.*t24.*t37.*th1.*(3.0./5.0e+1)-t26.*t38.*t42.*th2.*th11.*th14.*x3.*4.23e+2+t6.*t21.*t22.*t26.*t39.*t42.*th2.*th11),U.*t28.*t41.*th3.*th12.*th15.*x3.*(t4+t23),0.0,t24.*t34.*t37.*th1.*th13,0.0,-t25.*th10.*th16.*x3,0.0,0.0,0.0,0.0,t25.*th10.*th16];
mt2 = [t5.*t14.*t18.*t24.*t36.*th1-U.*t7.*t16.*t28.*t40.*th3.*th12-t6.*t15.*t26.*t38.*t42.*th2.*th11.*x3.*4.23e+2-t6.*t15.*t26.*t38.*t43.*th2.*th11.*x3.*x4.*5.2875e+5,-(th16.*x2)./t8,-(th1.*x1.*(t18.*th17-1.0))./(th7+x1+t12./th13),t5.*t18.*t24.*t36.*th1.*(-3.0./5.0e+1)+t6.*t22.*t26.*t38.*t42.*th2.*th11+t6.*t26.*t38.*t43.*th2.*th11.*x3.*x4.*5.2875e+5,U.*t7.*t28.*t40.*th3.*th12,0.0,0.0,t6.*t13.*t15.*t26.*t38.*t43.*th2.*th11.*5.2875e+5,0.0,0.0,t6.*t13.*t26.*t38.*t43.*th2.*th11.*-5.2875e+5,0.0,0.0,0.0,x3.*(U.*t7.*t16.*t29.*t40.*th3.*th12+t6.*t15.*t22.*t27.*t38.*t42.*th2.*th11),0.0,0.0,t6.*t13.*t27.*t38.*t42.*th2.*th11.*-4.23e+2];
mt3 = [-U.*t7.*t29.*t40.*th3.*th12.*x3,0.0,0.0,0.0,0.0,0.0,0.0,0.0,0.0,0.0,-t5.*t14.*t19.*t36.*th1.*th17.*x3,0.0,t5.*t19.*t36.*th1.*th17.*x3,t5.*t19.*t36.*th1.*th17.*x3.*(3.0./5.0e+1),0.0,0.0,-t5.*t36.*th1];
dfdxSym = reshape([mt1,mt2,mt3],7,7);
