function dfdthSym = dfdthSamada(t,in2,U,in4)
%dfdthSamada
%    dfdthSym = dfdthSamada(T,IN2,U,IN4)

%    This function was generated by the Symbolic Math Toolbox version 9.1.
%    11-Jun-2022 18:33:15

th1 = in4(1,:);
th4 = in4(3,:);
th7 = in4(4,:);
th10 = in4(5,:);
th16 = in4(6,:);
th17 = in4(7,:);
x1 = in2(1,:);
x2 = in2(2,:);
x3 = in2(3,:);
x5 = in2(5,:);
x7 = in2(7,:);
t2 = th10+x2;
t3 = x1.^2;
t4 = 1.0./th4;
t5 = -x7;
t6 = 1.0./x7;
t12 = th7.*2.091e+3;
t13 = x1.*2.091e+3;
t15 = x5+3.763e+1;
t7 = t3.*2.5e+1;
t8 = t5+th17;
t9 = t6.*th17;
t10 = 1.0./t2;
t16 = t3.*1.195600191296031e-2;
t17 = t3.*2.493143854400399e-2;
t18 = 1.0./t15;
t11 = t10.^2;
t14 = t9-1.0;
t19 = t16+th7+x1;
t22 = t7+t12+t13;
t23 = t17+x1+6.11e+2./5.0e+1;
t20 = 1.0./t19;
t24 = 1.0./t23;
t21 = t20.^2;
dfdthSym = reshape([t4.*t14.*t20.*x1.*x3,0.0,-t14.*t20.*x1.*x3,t14.*t20.*x1.*x3.*(-3.0./5.0e+1),0.0,0.0,(t8.*t13)./t22,U.*t18.*t24.*x1.*x3.*(-4.228089887640449e+1),0.0,0.0,0.0,U.*t18.*t24.*x1.*x3.*3.763e+1,0.0,0.0,-t4.^2.*t14.*t20.*th1.*x1.*x3,0.0,0.0,0.0,0.0,0.0,0.0,-t4.*t14.*t21.*th1.*x1.*x3,0.0,t14.*t21.*th1.*x1.*x3,t14.*t21.*th1.*x1.*x3.*(3.0./5.0e+1),0.0,0.0,t8.*1.0./t22.^2.*th1.*x1.*-4.372281e+6,0.0,t11.*th16.*x2.*x3,0.0,0.0,0.0,0.0,-t11.*th16.*x2,0.0,-t10.*x2.*x3,0.0,0.0,0.0,0.0,t10.*x2,t4.*t6.*t20.*th1.*x1.*x3,0.0,-t6.*t20.*th1.*x1.*x3,t6.*t20.*th1.*x1.*x3.*(-3.0./5.0e+1),0.0,0.0,t20.*th1.*x1],[7,7]);
