function dfdxSym = dfdxSamada(t,in2,U,in4)
%dfdxSamada
%    dfdxSym = dfdxSamada(T,IN2,U,IN4)

%    This function was generated by the Symbolic Math Toolbox version 9.1.
%    11-Jun-2022 18:33:14

th1 = in4(1,:);
th3 = in4(2,:);
th4 = in4(3,:);
th7 = in4(4,:);
th10 = in4(5,:);
th16 = in4(6,:);
th17 = in4(7,:);
x1 = in2(1,:);
x2 = in2(2,:);
x3 = in2(3,:);
x4 = in2(4,:);
x5 = in2(5,:);
x7 = in2(7,:);
t2 = th10+x2;
t3 = x5.*4.0;
t4 = x1.^2;
t5 = x3.^2;
t6 = 1.0./th4;
t7 = -x7;
t8 = 1.0./x7;
t10 = x3.*4.23e+2;
t16 = th7.*2.091e+3;
t17 = x4.*1.25e+3;
t18 = x1.*2.091e+3;
t19 = x5+3.9e+1./4.0;
t22 = x1.*(2.0e+1./4.47e+2);
t23 = x1.*2.235e+5;
t27 = x1.*2.391200382592061e-2;
t30 = x3.*3.384e-1;
t31 = x5+3.763e+1;
t9 = t8.^2;
t11 = t3+3.9e+1;
t12 = t4.*2.5e+1;
t13 = t7+th17;
t14 = t8.*th17;
t15 = 1.0./t2.^2;
t21 = t4.*5.0e+3;
t25 = 1.0./t19;
t28 = t22+1.0;
t29 = t4.*(1.0e+1./4.47e+2);
t32 = t27+1.0;
t33 = t4.*1.195600191296031e-2;
t34 = t10+t17;
t35 = t4.*2.493143854400399e-2;
t36 = t30+x4;
t37 = 1.0./t31;
t20 = -t12;
t24 = t14-1.0;
t26 = 1.0./t11;
t38 = t37.^2;
t40 = t33+th7+x1;
t41 = 1.0./t36;
t43 = 1.0./t34.^2;
t47 = t12+t16+t18;
t48 = t29+x1+7.41e+2./5.0e+2;
t50 = t35+x1+6.11e+2./5.0e+1;
t54 = t21+t23+3.31227e+5;
t39 = t16+t20;
t42 = t41.^2;
t44 = 1.0./t40;
t46 = t41.*x4;
t51 = 1.0./t47.^2;
t52 = 1.0./t48;
t55 = 1.0./t50;
t56 = 1.0./t54;
t45 = t44.^2;
t49 = t46-1.0;
t53 = t52.^2;
mt1 = [x3.*(t25.*t49.*t52.*1.397977941176471-U.*t37.*t55.*th3.*4.228089887640449e+1+t6.*t24.*t44.*th1-t25.*t28.*t49.*t53.*x1.*1.397977941176471-t6.*t24.*t32.*t45.*th1.*x1+U.*t37.*t55.^2.*th3.*x1.*(x1.*4.986287708800798e-2+1.0).*4.228089887640449e+1),0.0,t8.*t13.*t51.*th1.*x3.*(t12-t16).*2.091e+3,-x3.*(t25.*t49.*t52.*3.8025e-1+t24.*t44.*th1.*(3.0./5.0e+1)-t25.*t28.*t49.*t53.*x1.*3.8025e-1-t24.*t32.*t45.*th1.*x1.*(3.0./5.0e+1))];
mt2 = [(U.*th3.*x3.*(t21-2.450721e+6).*1.0./(t21+x1.*2.0055e+5+2.450721e+6).^2.*-7.5466965e+8)./(x5.*1.0e+2+3.763e+3),0.0,t13.*t51.*th1.*(t12-t16).*-2.091e+3,0.0,-t15.*th10.*th16.*x3,0.0,0.0,0.0,0.0,t15.*th10.*th16,t25.*t49.*t52.*x1.*1.397977941176471-U.*t37.*t55.*th3.*x1.*4.228089887640449e+1+t6.*t24.*t44.*th1.*x1-t25.*t42.*t52.*x1.*x3.*x4.*4.730757352941176e-1,-(th16.*x2)./t2,-t24.*t44.*th1.*x1];
mt3 = [t25.*t49.*t52.*x1.*(-3.8025e-1)-t24.*t44.*th1.*x1.*(3.0./5.0e+1)+t25.*t42.*t52.*x1.*x3.*x4.*1.286766e-1,U.*t37.*t55.*th3.*x1.*3.763e+1,0.0,0.0,t5.*t26.*t43.*t56.*x1.*6.608276677389706e+11,0.0,0.0,t5.*t26.*t43.*t56.*x1.*-1.79745125625e+11,0.0,0.0,0.0,-x3.*(t25.^2.*t49.*t52.*x1.*1.397977941176471-U.*t38.*t55.*th3.*x1.*4.228089887640449e+1),0.0,0.0,(t5.*t26.^2.*t56.*x1.*-5.75184402e+8)./t34,U.*t38.*t55.*th3.*x1.*x3.*(-3.763e+1),0.0,0.0,0.0,0.0,0.0,0.0,0.0,0.0,0.0];
mt4 = [-t6.*t9.*t44.*th1.*th17.*x1.*x3,0.0,t9.*t44.*th1.*th17.*x1.*x3,t9.*t44.*th1.*th17.*x1.*x3.*(3.0./5.0e+1),0.0,0.0,(th1.*x1.*-2.091e+3)./t47];
dfdxSym = reshape([mt1,mt2,mt3,mt4],7,7);
