function Xdot = Samada(t,in2,U,in4)
%Samada
%    Xdot = Samada(T,IN2,U,IN4)

%    This function was generated by the Symbolic Math Toolbox version 9.1.
%    11-Jun-2022 18:33:14

th1 = in4(1,:);
th3 = in4(2,:);
th4 = in4(3,:);
th7 = in4(4,:);
th10 = in4(5,:);
th16 = in4(6,:);
th17 = in4(7,:);
x1 = in2(1,:);
x2 = in2(2,:);
x3 = in2(3,:);
x4 = in2(4,:);
x5 = in2(5,:);
x7 = in2(7,:);
t2 = th10+x2;
t3 = x1.^2;
t4 = 1.0./x7;
t7 = x5+3.9e+1./4.0;
t11 = x3.*3.384e-1;
t12 = x5+3.763e+1;
t5 = t4.*th17;
t6 = 1.0./t2;
t9 = 1.0./t7;
t10 = t3.*(1.0e+1./4.47e+2);
t13 = t3.*1.195600191296031e-2;
t14 = t3.*2.493143854400399e-2;
t15 = t11+x4;
t16 = 1.0./t12;
t8 = t5-1.0;
t17 = t13+th7+x1;
t18 = 1.0./t15;
t21 = t10+x1+7.41e+2./5.0e+2;
t23 = t14+x1+6.11e+2./5.0e+1;
t19 = 1.0./t17;
t20 = t18.*x4;
t24 = 1.0./t21;
t25 = 1.0./t23;
t22 = t20-1.0;
Xdot = [x3.*(t9.*t22.*t24.*x1.*1.397977941176471+(t8.*t19.*th1.*x1)./th4-U.*t16.*t25.*th3.*x1.*4.228089887640449e+1);-t6.*th16.*x2.*x3;-t8.*t19.*th1.*x1.*x3;-x3.*(t9.*t22.*t24.*x1.*3.8025e-1+t8.*t19.*th1.*x1.*(3.0./5.0e+1));U.*t16.*t25.*th3.*x1.*x3.*3.763e+1;0.0;t6.*th16.*x2+t8.*t19.*th1.*x1.*x7];
