function dfdthSym = dfdthSamada(t,in2,U,in4)
%dfdthSamada
%    dfdthSym = dfdthSamada(T,IN2,U,IN4)

%    This function was generated by the Symbolic Math Toolbox version 9.1.
%    03-Jul-2022 23:17:30

th2 = in4(1,:);
th3 = in4(2,:);
th4 = in4(3,:);
th5 = in4(4,:);
th12 = in4(5,:);
th17 = in4(7,:);
x1 = in2(1,:);
x2 = in2(2,:);
x3 = in2(3,:);
x4 = in2(4,:);
x5 = in2(5,:);
x7 = in2(7,:);
t2 = th12+x5;
t3 = x5.*4.0;
t4 = x1.^2;
t5 = x3.^2;
t6 = 1.0./x7;
t7 = x3.*4.23e+2;
t11 = x4.*1.25e+3;
t13 = x1.*2.0055e+5;
t14 = x1.*2.235e+5;
t16 = x2+5.77e+2./2.5e+1;
t8 = t3+3.9e+1;
t9 = 1.0./t2;
t12 = t4.*5.0e+3;
t17 = t4.*1.195600191296031e-2;
t18 = t7+t11;
t19 = t4.*2.493143854400399e-2;
t20 = 1.0./t16;
t10 = t9.^2;
t15 = 1.0./t8;
t21 = 1.0./t18;
t22 = t17+x1+2.79e+2./2.5e+2;
t23 = t19+x1+6.11e+2./5.0e+1;
t25 = t12+t14+3.31227e+5;
t27 = t12+t13+2.450721e+6;
t24 = 1.0./t22;
t26 = 1.0./t23;
t28 = 1.0./t25;
t29 = 1.0./t27;
mt1 = [(t5.*t15.*t21.*t28.*x1.*-3.6870795e+9)./th5,0.0,0.0,t5.*t15.*t21.*t28.*x1.*3.6870795e+9,0.0,0.0,0.0,U.*t9.*t26.*th12.*x1.*x3.*(-1.0e+2./8.9e+1),0.0,0.0,0.0,U.*t9.*t26.*th12.*x1.*x3,0.0,0.0,-t24.*1.0./th4.^2.*x1.*x3.*(t6.*th17.*(1.51e+2./2.0e+2)-1.51e+2./2.0e+2),0.0,0.0,0.0,0.0,0.0,0.0,t5.*t15.*t21.*t28.*th2.*1.0./th5.^2.*x1.*3.6870795e+9,0.0,0.0,0.0,0.0,0.0,0.0,U.*t10.*t29.*th3.*x1.*x3.*x5.*(-2.253370786516854e+5),0.0,0.0,0.0,U.*t10.*t13.*t29.*th3.*x3.*x5,0.0,0.0,0.0,-t20.*x2.*x3,0.0,0.0,0.0,0.0,t20.*x2,(t6.*t24.*x1.*x3.*(1.51e+2./2.0e+2))./th4,0.0];
mt2 = [t6.*t24.*x1.*x3.*(-1.51e+2./2.0e+2),t6.*t24.*x1.*x3.*(-4.53e-2),0.0,0.0,t24.*x1.*(1.51e+2./2.0e+2)];
dfdthSym = reshape([mt1,mt2],7,7);
