function dfdthSym = dfdthSamada(t,in2,U,in4)
%dfdthSamada
%    dfdthSym = dfdthSamada(T,IN2,U,IN4)

%    This function was generated by the Symbolic Math Toolbox version 9.1.
%    03-Jul-2022 14:48:45

th2 = in4(1,:);
th4 = in4(3,:);
th8 = in4(4,:);
th11 = in4(5,:);
th17 = in4(7,:);
x1 = in2(1,:);
x2 = in2(2,:);
x3 = in2(3,:);
x4 = in2(4,:);
x5 = in2(5,:);
x7 = in2(7,:);
t2 = th11+x5;
t3 = x1.^2;
t4 = x3.^2;
t5 = 1.0./x7;
t6 = th8.*4.47e+2;
t7 = x3.*4.23e+2;
t8 = x1.*4.47e+2;
t12 = x4.*1.25e+3;
t13 = x2+5.77e+2./2.5e+1;
t14 = x5+3.763e+1;
t9 = t3.*1.0e+1;
t10 = 1.0./t2;
t15 = t3.*1.195600191296031e-2;
t16 = t7+t12;
t17 = t3.*2.493143854400399e-2;
t18 = 1.0./t13;
t19 = 1.0./t14;
t11 = t10.^2;
t20 = 1.0./t16;
t21 = t6+t8+t9;
t22 = t15+x1+2.79e+2./2.5e+2;
t25 = t17+x1+6.11e+2./5.0e+1;
t23 = 1.0./t21;
t26 = 1.0./t22;
t27 = 1.0./t25;
t24 = t23.^2;
mt1 = [t4.*t10.*t20.*t23.*th11.*x1.*(-6.951507352941176e+5),0.0,0.0,t4.*t10.*t20.*t23.*th11.*x1.*1.89081e+5,0.0,0.0,0.0,U.*t19.*t27.*x1.*x3.*(-4.228089887640449e+1),0.0,0.0,0.0,U.*t19.*t27.*x1.*x3.*3.763e+1,0.0,0.0,-t26.*1.0./th4.^2.*x1.*x3.*(t5.*th17.*(1.51e+2./2.0e+2)-1.51e+2./2.0e+2),0.0,0.0,0.0,0.0,0.0,0.0,t4.*t10.*t20.*t24.*th2.*th11.*x1.*3.107323786764706e+8,0.0,0.0,t4.*t10.*t20.*t24.*th2.*th11.*x1.*-8.4519207e+7,0.0,0.0,0.0,t4.*t11.*t20.*t23.*th2.*x1.*x5.*(-6.951507352941176e+5),0.0,0.0,t4.*t11.*t20.*t23.*th2.*x1.*x5.*1.89081e+5,0.0,0.0,0.0,0.0,-t18.*x2.*x3,0.0,0.0,0.0];
mt2 = [0.0,t18.*x2,(t5.*t26.*x1.*x3.*(1.51e+2./2.0e+2))./th4,0.0,t5.*t26.*x1.*x3.*(-1.51e+2./2.0e+2),t5.*t26.*x1.*x3.*(-4.53e-2),0.0,0.0,t26.*x1.*(1.51e+2./2.0e+2)];
dfdthSym = reshape([mt1,mt2],7,7);
