function dfdxSym = dfdxSamada(t,in2,U,in4)
%dfdxSamada
%    dfdxSym = dfdxSamada(T,IN2,U,IN4)

%    This function was generated by the Symbolic Math Toolbox version 9.1.
%    03-Jul-2022 14:48:45

th2 = in4(1,:);
th3 = in4(2,:);
th4 = in4(3,:);
th8 = in4(4,:);
th11 = in4(5,:);
th16 = in4(6,:);
th17 = in4(7,:);
x1 = in2(1,:);
x2 = in2(2,:);
x3 = in2(3,:);
x4 = in2(4,:);
x5 = in2(5,:);
x7 = in2(7,:);
t2 = th11+x5;
t3 = x1.^2;
t4 = x3.^2;
t5 = 1.0./th4;
t6 = -x7;
t7 = x2.*2.5e+1;
t8 = 1.0./x7;
t10 = th8.*4.47e+2;
t11 = x3.*4.23e+2;
t12 = x1.*4.47e+2;
t17 = x4.*1.25e+3;
t20 = x1.*(2.0e+1./4.47e+2);
t21 = x1.*5.2275e+5;
t23 = x1.*2.391200382592061e-2;
t26 = x3.*3.384e-1;
t27 = x5+3.763e+1;
t9 = t8.^2;
t13 = t3.*1.0e+1;
t14 = t6+th17;
t15 = 1.0./t2;
t18 = t3.*5.0e+3;
t19 = t3.*6.25e+3;
t22 = t7+5.77e+2;
t24 = t20+1.0;
t25 = t3.*(1.0e+1./4.47e+2);
t28 = t23+1.0;
t29 = t3.*1.195600191296031e-2;
t30 = t11+t17;
t31 = t3.*2.493143854400399e-2;
t33 = t26+x4;
t34 = 1.0./t27;
t37 = t8.*th17.*(1.51e+2./2.0e+2);
t41 = t8.*th17.*4.53e-2;
t16 = t15.^2;
t32 = 1.0./t22.^2;
t35 = t34.^2;
t36 = t25+th8+x1;
t38 = 1.0./t33;
t40 = 1.0./t30.^2;
t44 = t10+t12+t13;
t45 = t19-5.83389e+5;
t47 = t29+x1+2.79e+2./2.5e+2;
t50 = t31+x1+6.11e+2./5.0e+1;
t51 = t37-1.51e+2./2.0e+2;
t55 = t19+t21+5.83389e+5;
t56 = t41-4.53e-2;
t39 = t38.^2;
t42 = 1.0./t36;
t46 = t38.*x4;
t49 = 1.0./t44;
t52 = 1.0./t47;
t54 = 1.0./t50;
t57 = 1.0./t55.^2;
t43 = t42.^2;
t48 = t46-1.0;
t53 = t52.^2;
mt1 = [x3.*(t5.*t51.*t52-U.*t34.*t54.*th3.*4.228089887640449e+1+t15.*t42.*t48.*th2.*th11.*(1.25e+2./3.4e+1)-t5.*t28.*t51.*t53.*x1+U.*t34.*t54.^2.*th3.*x1.*(x1.*4.986287708800798e-2+1.0).*4.228089887640449e+1-t15.*t24.*t43.*t48.*th2.*th11.*x1.*(1.25e+2./3.4e+1)),0.0,t8.*t14.*t45.*t57.*x3.*3.9467625e+5,-x3.*(t52.*t56-t28.*t53.*t56.*x1+t15.*t42.*t48.*th2.*th11-t15.*t24.*t43.*t48.*th2.*th11.*x1),(U.*th3.*x3.*(t18-2.450721e+6).*1.0./(t18+x1.*2.0055e+5+2.450721e+6).^2.*-7.5466965e+8)./(x5.*1.0e+2+3.763e+3),0.0];
mt2 = [t14.*t45.*t57.*(-3.9467625e+5),0.0,t32.*th16.*x3.*-1.4425e+4,0.0,0.0,0.0,0.0,t32.*th16.*1.4425e+4,t5.*t51.*t52.*x1-U.*t34.*t54.*th3.*x1.*4.228089887640449e+1+t15.*t42.*t48.*th2.*th11.*x1.*(1.25e+2./3.4e+1)-t15.*t39.*t42.*th2.*th11.*x1.*x3.*x4.*(4.23e+2./3.4e+2),-(th16.*x2)./(x2+5.77e+2./2.5e+1),-t51.*t52.*x1,-t52.*t56.*x1-t15.*t42.*t48.*th2.*th11.*x1+t15.*t26.*t39.*t42.*th2.*th11.*x1.*x4,U.*t34.*t54.*th3.*x1.*3.763e+1,0.0,0.0,t4.*t15.*t40.*t49.*th2.*th11.*x1.*8.689384191176471e+8,0.0,0.0,t4.*t15.*t40.*t49.*th2.*th11.*x1.*-2.3635125e+8,0.0,0.0,0.0];
mt3 = [x3.*(U.*t35.*t54.*th3.*x1.*4.228089887640449e+1-t16.*t42.*t48.*th2.*th11.*x1.*(1.25e+2./3.4e+1)),0.0,0.0,(t4.*t16.*t49.*th2.*th11.*x1.*-1.89081e+5)./t30,U.*t35.*t54.*th3.*x1.*x3.*(-3.763e+1),0.0,0.0,0.0,0.0,0.0,0.0,0.0,0.0,0.0,t5.*t9.*t52.*th17.*x1.*x3.*(-1.51e+2./2.0e+2),0.0,t9.*t52.*th17.*x1.*x3.*(1.51e+2./2.0e+2),t9.*t52.*th17.*x1.*x3.*4.53e-2,0.0,0.0,(x1.*(-3.9467625e+5))./t55];
dfdxSym = reshape([mt1,mt2,mt3],7,7);
