function dfdxSym = dfdxSamada(t,in2,U,in4)
%dfdxSamada
%    dfdxSym = dfdxSamada(T,IN2,U,IN4)

%    This function was generated by the Symbolic Math Toolbox version 9.1.
%    03-Jul-2022 23:17:30

th2 = in4(1,:);
th3 = in4(2,:);
th4 = in4(3,:);
th5 = in4(4,:);
th12 = in4(5,:);
th16 = in4(6,:);
th17 = in4(7,:);
x1 = in2(1,:);
x2 = in2(2,:);
x3 = in2(3,:);
x4 = in2(4,:);
x5 = in2(5,:);
x7 = in2(7,:);
t2 = th12+x5;
t3 = x5.*4.0;
t4 = x1.^2;
t5 = x3.^2;
t6 = 1.0./th4;
t7 = 1.0./th5;
t8 = -x7;
t9 = x2.*2.5e+1;
t10 = 1.0./x7;
t12 = x3.*4.23e+2;
t17 = x4.*1.25e+3;
t18 = x5+3.9e+1./4.0;
t21 = x1.*(2.0e+1./4.47e+2);
t22 = x1.*2.235e+5;
t23 = x1.*5.2275e+5;
t27 = x1.*2.391200382592061e-2;
t30 = x3.*3.384e-1;
t11 = t10.^2;
t13 = t3+3.9e+1;
t14 = t8+th17;
t15 = 1.0./t2;
t19 = t4.*5.0e+3;
t20 = t4.*6.25e+3;
t24 = t9+5.77e+2;
t25 = 1.0./t18;
t28 = t21+1.0;
t29 = t4.*(1.0e+1./4.47e+2);
t31 = t27+1.0;
t32 = t4.*1.195600191296031e-2;
t33 = t12+t17;
t34 = t4.*2.493143854400399e-2;
t36 = t30+x4;
t37 = t10.*th17.*(1.51e+2./2.0e+2);
t41 = t10.*th17.*4.53e-2;
t16 = t15.^2;
t26 = 1.0./t13;
t35 = 1.0./t24.^2;
t38 = 1.0./t36;
t40 = 1.0./t33.^2;
t42 = t20-5.83389e+5;
t44 = t29+x1+7.41e+2./5.0e+2;
t45 = t32+x1+2.79e+2./2.5e+2;
t47 = t34+x1+6.11e+2./5.0e+1;
t48 = t37-1.51e+2./2.0e+2;
t53 = t19+t22+3.31227e+5;
t55 = t20+t23+5.83389e+5;
t56 = t41-4.53e-2;
t39 = t38.^2;
t43 = t38.*x4;
t49 = 1.0./t44;
t51 = 1.0./t45;
t54 = 1.0./t47;
t57 = 1.0./t53;
t58 = 1.0./t55.^2;
t46 = t43-1.0;
t50 = t49.^2;
t52 = t51.^2;
mt1 = [x3.*(t6.*t48.*t51-U.*t15.*t54.*th3.*th12.*(1.0e+2./8.9e+1)+t7.*t25.*t46.*t49.*th2.*(3.9e+1./4.0)-t6.*t31.*t48.*t52.*x1-t7.*t25.*t28.*t46.*t50.*th2.*x1.*(3.9e+1./4.0)+U.*t15.*t54.^2.*th3.*th12.*x1.*(x1.*4.986287708800798e-2+1.0).*(1.0e+2./8.9e+1)),0.0,t10.*t14.*t42.*t58.*x3.*3.9467625e+5,-x3.*(t51.*t56+t25.*t46.*t49.*th2.*(3.9e+1./4.0)-t31.*t52.*t56.*x1-t25.*t28.*t46.*t50.*th2.*x1.*(3.9e+1./4.0)),U.*t15.*th3.*th12.*x3.*(t19-2.450721e+6).*1.0./(t19+x1.*2.0055e+5+2.450721e+6).^2.*-2.0055e+5,0.0,t14.*t42.*t58.*(-3.9467625e+5),0.0];
mt2 = [t35.*th16.*x3.*-1.4425e+4,0.0,0.0,0.0,0.0,t35.*th16.*1.4425e+4,t6.*t48.*t51.*x1+t7.*t25.*t46.*t49.*th2.*x1.*(3.9e+1./4.0)-U.*t15.*t54.*th3.*th12.*x1.*(1.0e+2./8.9e+1)-t7.*t25.*t39.*t49.*th2.*x1.*x3.*x4.*3.2994,-(th16.*x2)./(x2+5.77e+2./2.5e+1),-t48.*t51.*x1,-t51.*t56.*x1-t25.*t46.*t49.*th2.*x1.*(3.9e+1./4.0)+t25.*t39.*t49.*th2.*x1.*x3.*x4.*3.2994,U.*t15.*t54.*th3.*th12.*x1,0.0,0.0,t5.*t7.*t26.*t40.*t57.*th2.*x1.*4.608849375e+12,0.0,0.0,t5.*t26.*t40.*t57.*th2.*x1.*-4.608849375e+12,0.0,0.0,0.0];
mt3 = [-x3.*(t7.*t25.^2.*t46.*t49.*th2.*x1.*(3.9e+1./4.0)-U.*t16.*t54.*th3.*th12.*x1.*(1.0e+2./8.9e+1)),0.0,0.0,(t5.*t26.^2.*t57.*th2.*x1.*-1.4748318e+10)./t33,-U.*t16.*t54.*th3.*th12.*x1.*x3,0.0,0.0,0.0,0.0,0.0,0.0,0.0,0.0,0.0,t6.*t11.*t51.*th17.*x1.*x3.*(-1.51e+2./2.0e+2),0.0,t11.*t51.*th17.*x1.*x3.*(1.51e+2./2.0e+2),t11.*t51.*th17.*x1.*x3.*4.53e-2,0.0,0.0,(x1.*(-3.9467625e+5))./t55];
dfdxSym = reshape([mt1,mt2,mt3],7,7);
