function Xdot = Samada(t,in2,U,in4)
%Samada
%    Xdot = Samada(T,IN2,U,IN4)

%    This function was generated by the Symbolic Math Toolbox version 9.1.
%    03-Jul-2022 23:17:30

th2 = in4(1,:);
th3 = in4(2,:);
th4 = in4(3,:);
th5 = in4(4,:);
th12 = in4(5,:);
th16 = in4(6,:);
th17 = in4(7,:);
x1 = in2(1,:);
x2 = in2(2,:);
x3 = in2(3,:);
x4 = in2(4,:);
x5 = in2(5,:);
x7 = in2(7,:);
t2 = th12+x5;
t3 = x1.^2;
t4 = 1.0./x7;
t6 = x5+3.9e+1./4.0;
t8 = x2+5.77e+2./2.5e+1;
t10 = x3.*3.384e-1;
t5 = 1.0./t2;
t7 = 1.0./t6;
t9 = t3.*(1.0e+1./4.47e+2);
t11 = t3.*1.195600191296031e-2;
t12 = t3.*2.493143854400399e-2;
t13 = 1.0./t8;
t14 = t10+x4;
t15 = t4.*th17.*(1.51e+2./2.0e+2);
t16 = 1.0./t14;
t18 = t9+x1+7.41e+2./5.0e+2;
t19 = t11+x1+2.79e+2./2.5e+2;
t21 = t12+x1+6.11e+2./5.0e+1;
t22 = t15-1.51e+2./2.0e+2;
t17 = t16.*x4;
t23 = 1.0./t18;
t24 = 1.0./t19;
t25 = 1.0./t21;
t20 = t17-1.0;
Xdot = [x3.*((t22.*t24.*x1)./th4+(t7.*t20.*t23.*th2.*x1.*(3.9e+1./4.0))./th5-U.*t5.*t25.*th3.*th12.*x1.*(1.0e+2./8.9e+1));-t13.*th16.*x2.*x3;-t22.*t24.*x1.*x3;-x3.*(t24.*x1.*(t4.*th17.*4.53e-2-4.53e-2)+t7.*t20.*t23.*th2.*x1.*(3.9e+1./4.0));U.*t5.*t25.*th3.*th12.*x1.*x3;0.0;t13.*th16.*x2+t22.*t24.*x1.*x7];
